20190606,elpais,0.48770971030816923,0.2
20190606,expansion,0.5954408132667445,0.2
20190606,elmundo,0.24970680692450642,0.2
20190507,elpais,0.5639147579519347,-1.03
20190507,expansion,0.5164600105401816,-1.03
20190507,elmundo,0.2605138160835324,-1.03
20190612,,,-0.47
20190624,elpais,0.6342556707328021,-0.38
20190624,expansion,0.28419674249108534,-0.38
20190624,elmundo,0.6795346662934763,-0.38
20190424,elpais,0.6994190885625682,-0.74
20190424,expansion,0.24680042258288964,-0.74
20190424,elmundo,0.5773938858350013,-0.74
20190414,elpais,0.7501460432003288,
20190414,expansion,0.7970118178132918,
20190414,elmundo,0.26984481417647155,
20190517,,,-0.26
20190625,elpais,0.6722709440611387,-0.36
20190625,expansion,0.1584175525481012,-0.36
20190625,elmundo,0.6218650685530418,-0.36
20190401,elpais,0.4345151487792127,1.1
20190401,expansion,0.23277579031538279,1.1
20190401,elmundo,0.4281575057221573,1.1
20190423,elpais,0.5573544341114308,-0.57
20190423,expansion,0.3537961939108033,-0.57
20190423,elmundo,0.5320977566887442,-0.57
20190514,elpais,0.5810602916812013,0.89
20190514,expansion,0.2561683387098796,0.89
20190514,elmundo,0.5910472483501947,0.89
20190711,elpais,0.7265932275395578,0.3
20190711,elmundo,0.5874229860119208,0.3
20190711,expansion,0.9796689002423216,0.3
20190402,elpais,0.7328740910645728,0.23
20190402,expansion,0.2680548073386092,0.23
20190402,elmundo,0.42770466053112477,0.23
20190621,,,0.2
20190515,,,0.54
20190605,elpais,0.5915252298810513,0.36
20190605,expansion,0.6338389146589919,0.36
20190605,elmundo,0.5616880562858785,0.36
20190604,elpais,0.6549332899844634,1.05
20190604,expansion,0.6286069706180696,1.05
20190604,elmundo,0.3017237757923675,1.05
20190616,elpais,0.6911283245984281,
20190616,expansion,0.393163834759647,
20190616,elmundo,0.45192186768472703,
20190626,elpais,0.7121970885916996,-0.03
20190626,expansion,0.22191586531751475,-0.03
20190626,elmundo,0.3229601087989333,-0.03
20190702,,,0.18
