20190420,elmundo,0.10405008427542733,
20190420,elpais,0.5707796375108444,
20190420,expansion,0.5976373593254887,
20190417,elmundo,0.20412514417228306,0.55
20190417,elpais,0.32653212682243676,0.55
20190417,expansion,0.7047668657249445,0.55
20190620,elmundo,0.3170394492739567,-0.25
20190620,elpais,0.6249055989579805,-0.25
20190620,expansion,0.8073909219303897,-0.25
20190613,,,0.09
20190603,elmundo,0.23790667166413498,0.21
20190603,elpais,0.4928101968871071,0.21
20190603,expansion,0.7646025503674079,0.21
20190416,elmundo,0.1716929062666249,0.0
20190416,elpais,0.3564402774399725,0.0
20190416,expansion,0.8158740892398425,0.0
20190412,elmundo,0.35785871718944334,0.24
20190412,elpais,0.7867880933748731,0.24
20190412,expansion,0.6203697953625248,0.24
20190529,,,-1.21
20190407,elmundo,0.5458863907619784,
20190407,elpais,0.4788214782169808,
20190407,expansion,0.46303336878344414,
20190527,elmundo,0.07566618865197446,0.46
20190527,elpais,0.5595566252488815,0.46
20190527,expansion,0.6211188823549141,0.46
20190331,elmundo,0.6105014186962636,
20190331,elpais,0.5065653315262884,
20190331,expansion,0.3269373318306882,
20190531,,,-1.68
20190712,elpais,0.7296426901906068,0.34
20190712,elmundo,0.7586159732583851,0.34
20190712,expansion,0.9549580649254575,0.34
20190701,elmundo,0.19406119854457052,0.72
20190701,elpais,0.6263257764206779,0.72
20190701,expansion,0.6847021406492335,0.72
20190520,elmundo,0.44594204921303515,-0.87
20190520,elpais,0.6798878401409947,-0.87
20190520,expansion,0.7856037061981005,-0.87
20190521,,,0.43
20190704,elpais,0.7641232485897339,0.07
20190704,elmundo,0.21375394868561526,0.07
20190704,expansion,0.6373400001504521,0.07
20190406,elmundo,0.6151298686991281,
20190406,elpais,0.4679050487580516,
20190406,expansion,0.3482774570360416,
20190617,,,-0.68
20190518,elmundo,0.4754807132310916,
20190518,elpais,0.7771768692883525,
20190518,expansion,0.5154759618530473,
20190615,elmundo,0.4539390166796145,
20190615,elpais,0.790140000230309,
20190615,expansion,0.5837908891865062,
20190622,elmundo,0.5733176745307684,
20190622,elpais,0.6015911562823808,
20190622,expansion,0.628545688725669,
20190508,,,-0.09
20190709,elpais,0.5110819502777668,-0.12
20190709,elmundo,0.4127056931023249,-0.12
20190709,expansion,0.899343171769311,-0.12
20190630,elmundo,0.2470148592057879,
20190630,elpais,0.6991887437366022,
20190630,expansion,0.8640600077027133,
20190410,elmundo,0.26535052245980584,-0.01
20190410,elpais,0.7890582576565115,-0.01
20190410,expansion,0.5864157485217176,-0.01
