20190614,,,-0.57
20190418,elpais,0.6159364548260168,0.34
20190418,expansion,0.6892645469644004,0.34
20190418,elmundo,0.19316728164855435,0.34
20190519,elpais,0.5826651088926132,
20190519,expansion,0.7506995495651216,
20190519,elmundo,0.3243900626297637,
20190404,elpais,0.501749547548371,0.49
20190404,expansion,0.6020141522293596,0.49
20190404,elmundo,0.5168281235022751,0.49
20190705,elpais,0.6252981216614493,-0.7
20190705,elmundo,0.3524439897401158,-0.7
20190705,expansion,0.6405329606273523,-0.7
20190403,elpais,0.5702765463398358,1.33
20190403,expansion,0.5149992946122351,1.33
20190403,elmundo,0.4816565498189498,1.33
20190530,elpais,0.7036150230824426,0.85
20190530,expansion,0.7798096122965544,0.85
20190530,elmundo,0.0,0.85
20190528,,,-0.27
20190523,elpais,0.7963042014471181,-1.28
20190523,expansion,0.5738153996452033,-1.28
20190523,elmundo,0.2756189556370455,-1.28
20190504,elpais,0.7543822988790325,
20190504,expansion,0.5962381746261248,
20190504,elmundo,0.3871632981876799,
20190601,elpais,0.5427965883325065,
20190601,expansion,0.7756860855308931,
20190601,elmundo,0.31735048449349296,
20190405,elpais,0.4431698554265818,-0.25
20190405,expansion,0.46938101151827843,-0.25
20190405,elmundo,0.6279640066768936,-0.25
20190524,elpais,0.72685132841917,0.66
20190524,expansion,0.6335425937001393,0.66
20190524,elmundo,0.21444382630858289,0.66
20190419,elpais,0.5831533953601534,
20190419,expansion,0.6088531213271201,
20190419,elmundo,0.2573494326002612,
20190619,elpais,0.7242284210279848,-0.1
20190619,expansion,0.6478441261613708,-0.1
20190619,elmundo,0.4036116927242602,-0.1
20190628,elpais,0.3827714075151428,0.56
20190628,expansion,0.5998157325685561,0.56
20190628,elmundo,0.1344079698768455,0.56
20190710,elpais,0.5966915556723743,-0.23
20190710,elmundo,0.5137198407462222,-0.23
20190710,expansion,1.0,-0.23
20190525,elpais,0.6927636439929761,
20190525,expansion,0.5507548187106189,
20190525,elmundo,0.037691105519482515,
20190409,elpais,0.6398859449863649,-0.32
20190409,expansion,0.4403948412167208,-0.32
20190409,elmundo,0.2091312525713687,-0.32
20190512,elpais,0.49460958277625117,
20190512,expansion,0.22761985502742446,
20190512,elmundo,0.4705843504082,
20190627,elpais,0.43341378721157203,-0.1
20190627,expansion,0.3969726842809987,-0.1
20190627,elmundo,0.20110619618544406,-0.1
20190427,elpais,0.3971930097880008,
20190427,expansion,0.3935303429589389,
20190427,elmundo,0.4534151957726197,
20190511,elpais,0.5780085475532803,
20190511,expansion,0.3887822980098833,
20190511,elmundo,0.44785454575156036,
20190429,elpais,0.5726287607380877,0.12
20190429,expansion,0.3561523916398412,0.12
20190429,elmundo,0.2562825006943475,0.12
20190608,elpais,0.7964340041149519,
20190608,expansion,0.4608662350044019,
20190608,elmundo,0.5365387548632199,
20190502,elpais,0.6936015268844454,-1.59
20190502,expansion,0.3976738129739471,-1.59
20190502,elmundo,0.40062505091491274,-1.59
20190611,,,-0.13
20190526,elpais,0.6600612489916549,
20190526,expansion,0.5486883546963126,
20190526,elmundo,0.021228932422146587,
20190503,elpais,0.6644198067360003,-0.09
20190503,expansion,0.6059948151149325,-0.09
20190503,elmundo,0.4584510696293175,-0.09
20190421,elpais,0.4846025500841995,
20190421,expansion,0.32623870363020535,
20190421,elmundo,0.21645004116075411,
20190610,elpais,0.6855657962825317,0.63
20190610,expansion,0.47921695452770535,0.63
20190610,elmundo,0.5701593278323009,0.63
20190506,elpais,0.7596298792638327,-0.84
20190506,expansion,0.5115296102720773,-0.84
20190506,elmundo,0.3210269165218915,-0.84
20190516,elpais,0.5142626641478781,1.39
20190516,expansion,0.290289982744904,1.39
20190516,elmundo,0.6814059814641776,1.39
20190618,elpais,0.5871863808856396,1.19
20190618,expansion,0.5035511870886075,1.19
20190618,elmundo,0.5668191671530939,1.19
