20190708,elpais,0.7376006833321652,-0.54
20190708,elmundo,0.4427411926836452,-0.54
20190708,expansion,0.8472161462429173,-0.54
20190510,elmundo,0.456126743690714,0.25
20190510,elpais,0.34572235594595635,0.25
20190510,expansion,0.35794203986567047,0.25
20190509,elmundo,0.27270069839086514,-1.43
20190509,elpais,0.45674121278898,-1.43
20190509,expansion,0.36201658081372223,-1.43
20190413,elmundo,0.32474575408265,
20190413,elpais,0.7558596560627552,
20190413,expansion,0.5612202394542255,
20190408,elmundo,0.34370839319619195,-0.76
20190408,elpais,0.48066618738920386,-0.76
20190408,expansion,0.5938693961598364,-0.76
20190428,elmundo,0.33069822375429914,
20190428,elpais,0.48475603277890095,
20190428,expansion,0.5245596382410159,
20190425,elmundo,0.4043332676767249,0.47
20190425,elpais,0.5078241606362934,0.47
20190425,expansion,0.36293840839082997,0.47
20190411,elmundo,0.2475028358892683,0.41
20190411,elpais,0.7460870128923527,0.41
20190411,expansion,0.6529408368261236,0.41
20190629,elmundo,0.1095266923093641,
20190629,elpais,0.6310648779139978,
20190629,expansion,0.6187814134624461,
20190426,,,0.05
20190505,elmundo,0.4776604285895428,
20190505,elpais,0.8243160305238877,
20190505,expansion,0.5922840626044721,
20190522,elmundo,0.46690759149196404,-0.07
20190522,elpais,0.766218397507456,-0.07
20190522,expansion,0.7970004783812176,-0.07
20190430,elmundo,0.3263244014729093,0.56
20190430,elpais,0.43738809860747746,0.56
20190430,expansion,0.36709706274426435,0.56
20190415,elmundo,0.2753968080690957,0.3
20190415,elpais,0.29620360320615374,0.3
20190415,expansion,0.7053057658437804,0.3
20190513,elmundo,0.7004450609608155,-0.78
20190513,elpais,0.4676314505105299,-0.78
20190513,expansion,0.11368575885563709,-0.78
20190703,elmundo,0.3446526792183096,1.22
20190703,elpais,0.6205606462436203,1.22
20190703,expansion,0.8381274423705648,1.22
20190422,elmundo,0.3254421162329524,
20190422,elpais,0.6089325863602962,
20190422,expansion,0.3148003889661613,
20190607,elmundo,0.39278483679853027,0.73
20190607,elpais,0.5025630700229519,0.73
20190607,expansion,0.4319436640845665,0.73
